% Num. calculation using the free diff. trans.
%  25 discretisation points and xmax = 2.500000e+01
% Result for x0 =   1.00 found directly, no interpolation used
% Delta sink-term, Ks  = 1.000000e+07, Kt0 = 0.000000e+00,
%                  Kt- = 0.000000e+00, Kt+ = 0.000000e+00
% V(x) = 0
% gamma(x) = 1
% J0 =   1.000000e+07, alpha*d =   1.000000e+01
% g1 =   2.000000e+00  g2 =   2.000000e+00
% sigma = (0.000000e+00 0.000000e+00)   singlet character :   0.000
%
% radical  2*spin    hf-constant    multiplicity
%    1        1      1.000000e+00         1
%    1        1      3.000000e+00         1
%    2        1      2.000000e+00         1
%    2        1      4.000000e+00         1
%
%    B02         F (S)         F (T)

0.000000e+00  9.114239e-02  0.000000e+00  1.213979e-11  1.497636e-10  -8.218919e-11  -2.132599e-10  1.472173e-02  -5.661821e-03  5.661821e-03  -1.472173e-02  1.598878e-02  -4.197749e-03  4.197749e-03  -1.598878e-02
1.010101e-01  9.260899e-02  0.000000e+00  -1.953086e-04  5.761212e-05  3.365845e-05  -1.746613e-05  1.433273e-02  -5.919623e-03  4.729926e-03  -1.477052e-02  1.567099e-02  -4.697791e-03  3.182537e-03  -1.613125e-02
2.020202e-01  9.326853e-02  0.000000e+00  -3.455479e-04  5.301744e-05  6.246540e-05  -7.012936e-05  1.395230e-02  -6.232186e-03  4.210240e-03  -1.494604e-02  1.539910e-02  -5.052436e-03  2.625068e-03  -1.639171e-02
3.030303e-01  9.370242e-02  0.000000e+00  -4.554687e-04  3.565124e-05  4.464179e-05  -1.305318e-04  1.359596e-02  -6.577889e-03  3.795028e-03  -1.515451e-02  1.512794e-02  -5.381028e-03  2.167572e-03  -1.665873e-02
4.040404e-01  9.401134e-02  0.000000e+00  -5.684140e-04  -1.497932e-05  4.080667e-05  -2.116437e-04  1.327505e-02  -6.951612e-03  3.442672e-03  -1.533982e-02  1.487438e-02  -5.685386e-03  1.773746e-03  -1.691441e-02
5.050505e-01  9.426459e-02  0.000000e+00  -7.030083e-04  -1.052855e-04  1.834241e-05  -3.127786e-04  1.296713e-02  -7.358974e-03  3.138174e-03  -1.549849e-02  1.466520e-02  -5.995923e-03  1.417534e-03  -1.718400e-02
6.060606e-01  9.449888e-02  0.000000e+00  -7.834931e-04  -1.589939e-04  -8.028005e-05  -3.685853e-04  1.266865e-02  -7.786045e-03  2.881591e-03  -1.563752e-02  1.450910e-02  -6.331710e-03  1.099935e-03  -1.745398e-02
7.070707e-01  9.467298e-02  0.000000e+00  -8.719940e-04  -2.332032e-04  -1.906717e-04  -4.168563e-04  1.238360e-02  -8.219903e-03  2.665112e-03  -1.576293e-02  1.437049e-02  -6.667501e-03  7.946424e-04  -1.771110e-02
8.080808e-01  9.477944e-02  0.000000e+00  -9.804464e-04  -3.597115e-04  -3.234042e-04  -4.587825e-04  1.211997e-02  -8.679456e-03  2.437961e-03  -1.587403e-02  1.425550e-02  -7.038517e-03  4.757707e-04  -1.797166e-02
9.090909e-01  9.494869e-02  0.000000e+00  -9.881091e-04  -4.176767e-04  -4.618212e-04  -5.002558e-04  1.187208e-02  -9.066107e-03  2.276208e-03  -1.590747e-02  1.414998e-02  -7.358002e-03  1.832492e-04  -1.821810e-02
1.010101e+00  9.508626e-02  0.000000e+00  -9.950267e-04  -4.685625e-04  -5.764027e-04  -5.697278e-04  1.162674e-02  -9.412027e-03  2.173058e-03  -1.597709e-02  1.405321e-02  -7.622878e-03  -2.771266e-05  -1.844754e-02
1.111111e+00  9.517563e-02  0.000000e+00  -1.015169e-03  -5.396437e-04  -6.878195e-04  -6.482819e-04  1.139282e-02  -9.763545e-03  2.080315e-03  -1.605312e-02  1.396784e-02  -7.893862e-03  -2.313272e-04  -1.866762e-02
1.212121e+00  9.522423e-02  0.000000e+00  -1.045411e-03  -6.193122e-04  -7.924247e-04  -7.407003e-04  1.116707e-02  -1.011424e-02  1.994905e-03  -1.612800e-02  1.389358e-02  -8.176207e-03  -4.280517e-04  -1.887654e-02
1.313131e+00  9.523794e-02  0.000000e+00  -1.082776e-03  -7.042515e-04  -8.954788e-04  -8.425614e-04  1.094807e-02  -1.045933e-02  1.912384e-03  -1.619979e-02  1.382923e-02  -8.469273e-03  -6.211966e-04  -1.907485e-02
1.414141e+00  9.522000e-02  0.000000e+00  -1.128197e-03  -7.918752e-04  -9.961257e-04  -9.554114e-04  1.073599e-02  -1.079544e-02  1.825637e-03  -1.626885e-02  1.377283e-02  -8.774348e-03  -8.125372e-04  -1.926336e-02
1.515152e+00  9.516982e-02  0.000000e+00  -1.183079e-03  -8.792047e-04  -1.097583e-03  -1.081067e-03  1.053077e-02  -1.112263e-02  1.722165e-03  -1.633480e-02  1.372392e-02  -9.095534e-03  -1.007596e-03  -1.944336e-02
1.616162e+00  9.507701e-02  0.000000e+00  -1.256166e-03  -9.567485e-04  -1.209507e-03  -1.231902e-03  1.033323e-02  -1.145117e-02  1.545658e-03  -1.639546e-02  1.368559e-02  -9.457461e-03  -1.229770e-03  -1.960193e-02
1.717172e+00  9.502764e-02  0.000000e+00  -1.291116e-03  -1.076213e-03  -1.255391e-03  -1.313513e-03  1.013251e-02  -1.172193e-02  1.495904e-03  -1.643151e-02  1.363728e-02  -9.722238e-03  -1.362941e-03  -1.972093e-02
1.818182e+00  9.494395e-02  0.000000e+00  -1.339369e-03  -1.191527e-03  -1.304377e-03  -1.406585e-03  9.938608e-03  -1.198364e-02  1.441518e-03  -1.647111e-02  1.358584e-02  -1.000047e-02  -1.494996e-03  -1.985069e-02
1.919192e+00  9.483261e-02  0.000000e+00  -1.393247e-03  -1.311968e-03  -1.349070e-03  -1.497742e-03  9.748611e-03  -1.223502e-02  1.370754e-03  -1.650498e-02  1.353120e-02  -1.028327e-02  -1.629222e-03  -1.997727e-02
2.020202e+00  9.471362e-02  0.000000e+00  -1.435835e-03  -1.438553e-03  -1.408380e-03  -1.605652e-03  9.544767e-03  -1.247599e-02  1.300187e-03  -1.652786e-02  1.341669e-02  -1.056490e-02  -1.748594e-03  -2.010825e-02
2.121212e+00  9.459742e-02  0.000000e+00  -1.462692e-03  -1.526707e-03  -1.486799e-03  -1.742310e-03  9.333485e-03  -1.268547e-02  1.268584e-03  -1.653152e-02  1.336545e-02  -1.083483e-02  -1.866206e-03  -2.023841e-02
2.222222e+00  9.445420e-02  0.000000e+00  -1.495576e-03  -1.618291e-03  -1.556732e-03  -1.874879e-03  9.116378e-03  -1.288502e-02  1.227938e-03  -1.654283e-02  1.331441e-02  -1.110402e-02  -1.980946e-03  -2.036661e-02
2.323232e+00  9.428768e-02  0.000000e+00  -1.529442e-03  -1.708776e-03  -1.622159e-03  -2.009372e-03  8.889291e-03  -1.307438e-02  1.183536e-03  -1.655342e-02  1.326217e-02  -1.137064e-02  -2.094664e-03  -2.049292e-02
2.424242e+00  9.410650e-02  0.000000e+00  -1.559231e-03  -1.790596e-03  -1.692555e-03  -2.149021e-03  8.641584e-03  -1.324841e-02  1.138474e-03  -1.657960e-02  1.322204e-02  -1.164465e-02  -2.215037e-03  -2.061402e-02
2.525253e+00  9.392241e-02  0.000000e+00  -1.584353e-03  -1.867078e-03  -1.766916e-03  -2.292259e-03  8.352489e-03  -1.338747e-02  1.094746e-03  -1.661712e-02  1.319557e-02  -1.193801e-02  -2.343157e-03  -2.070635e-02
2.626263e+00  9.374260e-02  0.000000e+00  -1.640258e-03  -1.977000e-03  -1.810045e-03  -2.400419e-03  8.152479e-03  -1.351475e-02  1.044657e-03  -1.664445e-02  1.314986e-02  -1.218332e-02  -2.414365e-03  -2.078737e-02
2.727273e+00  9.354292e-02  0.000000e+00  -1.697790e-03  -2.085227e-03  -1.848787e-03  -2.512287e-03  7.952543e-03  -1.363558e-02  9.901763e-04  -1.666745e-02  1.309693e-02  -1.242380e-02  -2.481660e-03  -2.087476e-02
2.828283e+00  9.332652e-02  0.000000e+00  -1.757073e-03  -2.195010e-03  -1.881651e-03  -2.626602e-03  7.751446e-03  -1.374986e-02  9.349538e-04  -1.668516e-02  1.304115e-02  -1.265697e-02  -2.543636e-03  -2.096515e-02
2.929293e+00  9.309530e-02  0.000000e+00  -1.818996e-03  -2.308771e-03  -1.909805e-03  -2.742045e-03  7.551868e-03  -1.385546e-02  8.768907e-04  -1.670085e-02  1.298212e-02  -1.288274e-02  -2.600224e-03  -2.105529e-02
3.030303e+00  9.284836e-02  0.000000e+00  -1.885488e-03  -2.426547e-03  -1.928758e-03  -2.861789e-03  7.354875e-03  -1.395217e-02  8.150903e-04  -1.671410e-02  1.292124e-02  -1.310094e-02  -2.651891e-03  -2.114353e-02
3.131313e+00  9.258492e-02  0.000000e+00  -1.958761e-03  -2.549622e-03  -1.937765e-03  -2.986683e-03  7.160270e-03  -1.404047e-02  7.512740e-04  -1.672658e-02  1.285814e-02  -1.331019e-02  -2.698320e-03  -2.123014e-02
3.232323e+00  9.230380e-02  0.000000e+00  -2.040874e-03  -2.680094e-03  -1.935515e-03  -3.118239e-03  6.968030e-03  -1.412059e-02  6.856665e-04  -1.673969e-02  1.279328e-02  -1.350897e-02  -2.739911e-03  -2.131547e-02
3.333333e+00  9.200347e-02  0.000000e+00  -2.134096e-03  -2.820130e-03  -1.920326e-03  -3.258211e-03  6.778233e-03  -1.419281e-02  6.184457e-04  -1.675510e-02  1.272709e-02  -1.369527e-02  -2.776955e-03  -2.139990e-02
3.434343e+00  9.167897e-02  0.000000e+00  -2.243962e-03  -2.974947e-03  -1.888001e-03  -3.411069e-03  6.591032e-03  -1.425710e-02  5.501637e-04  -1.677410e-02  1.266033e-02  -1.386646e-02  -2.809926e-03  -2.148433e-02
3.535354e+00  9.129658e-02  0.000000e+00  -2.403937e-03  -3.176528e-03  -1.814169e-03  -3.603772e-03  6.406953e-03  -1.431111e-02  4.861262e-04  -1.680474e-02  1.259589e-02  -1.400878e-02  -2.840097e-03  -2.157507e-02
3.636364e+00  9.081155e-02  0.000000e+00  -2.657777e-03  -3.469082e-03  -1.668321e-03  -3.868179e-03  6.226386e-03  -1.435159e-02  4.396036e-04  -1.698514e-02  1.252198e-02  -1.400706e-02  -2.855009e-03  -2.168753e-02
3.737374e+00  9.078732e-02  0.000000e+00  -2.450625e-03  -3.321442e-03  -1.837001e-03  -3.772661e-03  6.043133e-03  -1.442268e-02  3.045124e-04  -1.701519e-02  1.241064e-02  -1.419979e-02  -2.857433e-03  -2.170197e-02
3.838384e+00  9.063558e-02  0.000000e+00  -2.356654e-03  -3.285418e-03  -1.908628e-03  -3.786009e-03  5.864918e-03  -1.447722e-02  1.789665e-04  -1.701675e-02  1.232109e-02  -1.438163e-02  -2.868342e-03  -2.172686e-02
3.939394e+00  9.047767e-02  0.000000e+00  -2.292568e-03  -3.267857e-03  -2.011842e-03  -3.791685e-03  5.687361e-03  -1.453739e-02  7.810475e-05  -1.704227e-02  1.225859e-02  -1.458986e-02  -2.880772e-03  -2.176570e-02
4.040404e+00  9.029565e-02  0.000000e+00  -2.248841e-03  -3.265627e-03  -2.098378e-03  -3.801826e-03  5.513216e-03  -1.458459e-02  -3.902341e-05  -1.704435e-02  1.219299e-02  -1.480358e-02  -2.896157e-03  -2.180608e-02
4.141414e+00  9.009831e-02  0.000000e+00  -2.213956e-03  -3.273965e-03  -2.169700e-03  -3.820152e-03  5.342328e-03  -1.462436e-02  -1.759871e-04  -1.702071e-02  1.213700e-02  -1.503012e-02  -2.915474e-03  -2.184358e-02
4.242424e+00  8.989019e-02  0.000000e+00  -2.184762e-03  -3.292024e-03  -2.227540e-03  -3.842998e-03  5.174091e-03  -1.466014e-02  -3.793156e-04  -1.690779e-02  1.213914e-02  -1.531949e-02  -2.951846e-03  -2.187573e-02
4.343434e+00  8.970311e-02  0.000000e+00  -2.131666e-03  -3.275833e-03  -2.301858e-03  -3.852745e-03  5.009206e-03  -1.469045e-02  -4.275698e-04  -1.687381e-02  1.207097e-02  -1.545769e-02  -2.956906e-03  -2.190196e-02
4.444444e+00  8.950315e-02  0.000000e+00  -2.088480e-03  -3.269212e-03  -2.365285e-03  -3.868725e-03  4.847844e-03  -1.471545e-02  -4.873126e-04  -1.684588e-02  1.199570e-02  -1.559667e-02  -2.961543e-03  -2.192715e-02
4.545455e+00  8.929540e-02  0.000000e+00  -2.050731e-03  -3.266889e-03  -2.421605e-03  -3.887976e-03  4.689919e-03  -1.473565e-02  -5.443376e-04  -1.682806e-02  1.190989e-02  -1.572441e-02  -2.963760e-03  -2.195062e-02
4.646465e+00  8.908143e-02  0.000000e+00  -2.017250e-03  -3.268048e-03  -2.471608e-03  -3.909567e-03  4.535346e-03  -1.475159e-02  -6.032710e-04  -1.681289e-02  1.181930e-02  -1.584648e-02  -2.965147e-03  -2.197200e-02
4.747475e+00  8.886293e-02  0.000000e+00  -1.986715e-03  -3.271411e-03  -2.516337e-03  -3.932576e-03  4.384080e-03  -1.476364e-02  -6.636978e-04  -1.679779e-02  1.172599e-02  -1.596329e-02  -2.966071e-03  -2.199101e-02
4.848485e+00  8.864106e-02  0.000000e+00  -1.958279e-03  -3.276119e-03  -2.556543e-03  -3.956414e-03  4.236104e-03  -1.477210e-02  -7.246126e-04  -1.678216e-02  1.163056e-02  -1.607438e-02  -2.966593e-03  -2.200753e-02
4.949495e+00  8.841664e-02  0.000000e+00  -1.931445e-03  -3.281658e-03  -2.592747e-03  -3.980704e-03  4.091390e-03  -1.477724e-02  -7.853103e-04  -1.676594e-02  1.153327e-02  -1.617942e-02  -2.966771e-03  -2.202155e-02
5.050505e+00  8.819024e-02  0.000000e+00  -1.905905e-03  -3.287714e-03  -2.625315e-03  -4.005204e-03  3.949902e-03  -1.477931e-02  -8.453775e-04  -1.674909e-02  1.143434e-02  -1.627831e-02  -2.966679e-03  -2.203309e-02
5.151515e+00  8.796235e-02  0.000000e+00  -1.881479e-03  -3.294123e-03  -2.654273e-03  -4.029943e-03  3.811435e-03  -1.477861e-02  -9.044433e-04  -1.673121e-02  1.133429e-02  -1.637116e-02  -2.966335e-03  -2.204233e-02
5.252525e+00  8.773337e-02  0.000000e+00  -1.857892e-03  -3.300674e-03  -2.680106e-03  -4.054689e-03  3.676362e-03  -1.477498e-02  -9.627403e-04  -1.671277e-02  1.123290e-02  -1.645825e-02  -2.965545e-03  -2.204888e-02
5.353535e+00  8.750363e-02  0.000000e+00  -1.835088e-03  -3.307271e-03  -2.703051e-03  -4.079277e-03  3.544537e-03  -1.476873e-02  -1.020089e-03  -1.669367e-02  1.113046e-02  -1.653961e-02  -2.964537e-03  -2.205296e-02
5.454545e+00  8.727342e-02  0.000000e+00  -1.812986e-03  -3.313838e-03  -2.723290e-03  -4.103624e-03  3.415906e-03  -1.476003e-02  -1.076419e-03  -1.667388e-02  1.102718e-02  -1.661542e-02  -2.963383e-03  -2.205466e-02
5.555556e+00  8.704300e-02  0.000000e+00  -1.791516e-03  -3.320311e-03  -2.740990e-03  -4.127667e-03  3.290429e-03  -1.474904e-02  -1.131686e-03  -1.665335e-02  1.092328e-02  -1.668583e-02  -2.962123e-03  -2.205404e-02
5.656566e+00  8.681260e-02  0.000000e+00  -1.770617e-03  -3.326640e-03  -2.756308e-03  -4.151353e-03  3.168070e-03  -1.473588e-02  -1.185857e-03  -1.663205e-02  1.081892e-02  -1.675103e-02  -2.960789e-03  -2.205117e-02
5.757576e+00  8.658243e-02  0.000000e+00  -1.750238e-03  -3.332784e-03  -2.769390e-03  -4.174634e-03  3.048787e-03  -1.472070e-02  -1.238904e-03  -1.660999e-02  1.071427e-02  -1.681118e-02  -2.959407e-03  -2.204610e-02
5.858586e+00  8.635268e-02  0.000000e+00  -1.730335e-03  -3.338709e-03  -2.780377e-03  -4.197471e-03  2.932540e-03  -1.470360e-02  -1.290803e-03  -1.658714e-02  1.060947e-02  -1.686644e-02  -2.957996e-03  -2.203890e-02
5.959596e+00  8.612351e-02  0.000000e+00  -1.710871e-03  -3.344387e-03  -2.789397e-03  -4.219829e-03  2.819284e-03  -1.468469e-02  -1.341528e-03  -1.656351e-02  1.050466e-02  -1.691698e-02  -2.956572e-03  -2.202964e-02
6.060606e+00  8.589509e-02  0.000000e+00  -1.691815e-03  -3.349798e-03  -2.796573e-03  -4.241677e-03  2.708968e-03  -1.466409e-02  -1.391059e-03  -1.653912e-02  1.039996e-02  -1.696295e-02  -2.955144e-03  -2.201838e-02
6.161616e+00  8.566754e-02  0.000000e+00  -1.673141e-03  -3.354921e-03  -2.802020e-03  -4.262989e-03  2.601543e-03  -1.464188e-02  -1.439376e-03  -1.651396e-02  1.029548e-02  -1.700450e-02  -2.953715e-03  -2.200519e-02
6.262626e+00  8.544100e-02  0.000000e+00  -1.654828e-03  -3.359743e-03  -2.805846e-03  -4.283744e-03  2.496954e-03  -1.461816e-02  -1.486467e-03  -1.648806e-02  1.019132e-02  -1.704179e-02  -2.952285e-03  -2.199013e-02
6.363636e+00  8.521557e-02  0.000000e+00  -1.636856e-03  -3.364259e-03  -2.808148e-03  -4.303933e-03  2.395157e-03  -1.459302e-02  -1.532339e-03  -1.646143e-02  1.008758e-02  -1.707496e-02  -2.950864e-03  -2.197326e-02
6.464646e+00  8.499133e-02  0.000000e+00  -1.619203e-03  -3.368432e-03  -2.809042e-03  -4.323501e-03  2.296062e-03  -1.456655e-02  -1.576896e-03  -1.643408e-02  9.984334e-03  -1.710416e-02  -2.949402e-03  -2.195467e-02
6.565657e+00  8.476853e-02  0.000000e+00  -1.601889e-03  -3.372419e-03  -2.808510e-03  -4.342649e-03  2.199804e-03  -1.453872e-02  -1.620620e-03  -1.640610e-02  9.881732e-03  -1.712957e-02  -2.948152e-03  -2.193431e-02
6.666667e+00  8.454711e-02  0.000000e+00  -1.584800e-03  -3.376105e-03  -2.806736e-03  -4.361215e-03  2.106223e-03  -1.450971e-02  -1.663120e-03  -1.637734e-02  9.779870e-03  -1.715128e-02  -2.947015e-03  -2.191234e-02
6.767677e+00  8.432715e-02  0.000000e+00  -1.567978e-03  -3.379478e-03  -2.803792e-03  -4.379183e-03  2.015231e-03  -1.447958e-02  -1.704412e-03  -1.634792e-02  9.678754e-03  -1.716945e-02  -2.945913e-03  -2.188881e-02
6.868687e+00  8.410872e-02  0.000000e+00  -1.551412e-03  -3.382534e-03  -2.799756e-03  -4.396546e-03  1.926765e-03  -1.444839e-02  -1.744492e-03  -1.631784e-02  9.578441e-03  -1.718419e-02  -2.944832e-03  -2.186379e-02
6.969697e+00  8.389188e-02  0.000000e+00  -1.535096e-03  -3.385273e-03  -2.794699e-03  -4.413299e-03  1.840768e-03  -1.441621e-02  -1.783369e-03  -1.628714e-02  9.478985e-03  -1.719566e-02  -2.943763e-03  -2.183734e-02
7.070707e+00  8.367668e-02  0.000000e+00  -1.519021e-03  -3.387697e-03  -2.788690e-03  -4.429442e-03  1.757185e-03  -1.438308e-02  -1.821057e-03  -1.625584e-02  9.380435e-03  -1.720397e-02  -2.942699e-03  -2.180952e-02
7.171717e+00  8.346317e-02  0.000000e+00  -1.503180e-03  -3.389812e-03  -2.781790e-03  -4.444979e-03  1.675961e-03  -1.434906e-02  -1.857578e-03  -1.622394e-02  9.282839e-03  -1.720926e-02  -2.941640e-03  -2.178038e-02
7.272727e+00  8.325138e-02  0.000000e+00  -1.487565e-03  -3.391622e-03  -2.774059e-03  -4.459914e-03  1.597043e-03  -1.431420e-02  -1.892951e-03  -1.619149e-02  9.186241e-03  -1.721164e-02  -2.940581e-03  -2.174997e-02
7.373737e+00  8.304137e-02  0.000000e+00  -1.472170e-03  -3.393134e-03  -2.765554e-03  -4.474251e-03  1.520376e-03  -1.427854e-02  -1.927194e-03  -1.615849e-02  9.090678e-03  -1.721125e-02  -2.939519e-03  -2.171836e-02
7.474747e+00  8.283314e-02  0.000000e+00  -1.456986e-03  -3.394353e-03  -2.756327e-03  -4.487996e-03  1.445906e-03  -1.424214e-02  -1.960329e-03  -1.612497e-02  8.996183e-03  -1.720818e-02  -2.938446e-03  -2.168559e-02
7.575758e+00  8.262674e-02  0.000000e+00  -1.442008e-03  -3.395285e-03  -2.746430e-03  -4.501155e-03  1.373575e-03  -1.420503e-02  -1.992374e-03  -1.609095e-02  8.902787e-03  -1.720255e-02  -2.937357e-03  -2.165173e-02
7.676768e+00  8.242218e-02  0.000000e+00  -1.427230e-03  -3.395938e-03  -2.735908e-03  -4.513736e-03  1.303323e-03  -1.416724e-02  -2.023344e-03  -1.605645e-02  8.810510e-03  -1.719447e-02  -2.936239e-03  -2.161681e-02
7.777778e+00  8.221948e-02  0.000000e+00  -1.412642e-03  -3.396325e-03  -2.724806e-03  -4.525749e-03  1.235078e-03  -1.412880e-02  -2.053234e-03  -1.602151e-02  8.719358e-03  -1.718400e-02  -2.935079e-03  -2.158092e-02
7.878788e+00  8.201867e-02  0.000000e+00  -1.398235e-03  -3.396444e-03  -2.713177e-03  -4.537190e-03  1.168825e-03  -1.408983e-02  -2.082038e-03  -1.598614e-02  8.629365e-03  -1.717124e-02  -2.933943e-03  -2.154406e-02
7.979798e+00  8.181975e-02  0.000000e+00  -1.384030e-03  -3.396267e-03  -2.701064e-03  -4.548054e-03  1.104603e-03  -1.405037e-02  -2.109952e-03  -1.595028e-02  8.540641e-03  -1.715645e-02  -2.932840e-03  -2.150621e-02
8.080808e+00  8.162273e-02  0.000000e+00  -1.370008e-03  -3.395836e-03  -2.688486e-03  -4.558379e-03  1.042231e-03  -1.401033e-02  -2.136899e-03  -1.591401e-02  8.453106e-03  -1.713961e-02  -2.931641e-03  -2.146752e-02
8.181818e+00  8.142761e-02  0.000000e+00  -1.356159e-03  -3.395162e-03  -2.675485e-03  -4.568168e-03  9.816660e-04  -1.396979e-02  -2.162863e-03  -1.587738e-02  8.366768e-03  -1.712080e-02  -2.930381e-03  -2.142802e-02
8.282828e+00  8.123441e-02  0.000000e+00  -1.342483e-03  -3.394245e-03  -2.662098e-03  -4.577429e-03  9.228743e-04  -1.392878e-02  -2.187876e-03  -1.584038e-02  8.281645e-03  -1.710010e-02  -2.929070e-03  -2.138775e-02
8.383838e+00  8.104312e-02  0.000000e+00  -1.328975e-03  -3.393091e-03  -2.648359e-03  -4.586170e-03  8.658125e-04  -1.388734e-02  -2.211963e-03  -1.580304e-02  8.197748e-03  -1.707760e-02  -2.927706e-03  -2.134675e-02
8.484848e+00  8.085374e-02  0.000000e+00  -1.315635e-03  -3.391706e-03  -2.634299e-03  -4.594399e-03  8.104355e-04  -1.384551e-02  -2.235146e-03  -1.576537e-02  8.115085e-03  -1.705340e-02  -2.926288e-03  -2.130504e-02
8.585859e+00  8.066627e-02  0.000000e+00  -1.302460e-03  -3.390097e-03  -2.619950e-03  -4.602127e-03  7.566989e-04  -1.380332e-02  -2.257449e-03  -1.572738e-02  8.033660e-03  -1.702758e-02  -2.924812e-03  -2.126267e-02
8.686869e+00  8.048071e-02  0.000000e+00  -1.289446e-03  -3.388273e-03  -2.605339e-03  -4.609364e-03  7.045588e-04  -1.376078e-02  -2.278893e-03  -1.568909e-02  7.953474e-03  -1.700021e-02  -2.923276e-03  -2.121967e-02
8.787879e+00  8.029706e-02  0.000000e+00  -1.276592e-03  -3.386240e-03  -2.590495e-03  -4.616118e-03  6.539727e-04  -1.371794e-02  -2.299498e-03  -1.565051e-02  7.874528e-03  -1.697136e-02  -2.921679e-03  -2.117608e-02
8.888889e+00  8.011530e-02  0.000000e+00  -1.263893e-03  -3.384007e-03  -2.575441e-03  -4.622399e-03  6.048976e-04  -1.367480e-02  -2.319287e-03  -1.561167e-02  7.796816e-03  -1.694112e-02  -2.920017e-03  -2.113192e-02
8.989899e+00  7.993542e-02  0.000000e+00  -1.251342e-03  -3.381585e-03  -2.560199e-03  -4.628215e-03  5.572900e-04  -1.363139e-02  -2.338280e-03  -1.557256e-02  7.720332e-03  -1.690953e-02  -2.918290e-03  -2.108723e-02
9.090909e+00  7.975741e-02  0.000000e+00  -1.238930e-03  -3.378979e-03  -2.544785e-03  -4.633575e-03  5.111038e-04  -1.358770e-02  -2.356498e-03  -1.553321e-02  7.645063e-03  -1.687666e-02  -2.916495e-03  -2.104203e-02
9.191919e+00  7.958123e-02  0.000000e+00  -1.226637e-03  -3.376200e-03  -2.529205e-03  -4.638488e-03  4.662878e-04  -1.354374e-02  -2.373962e-03  -1.549363e-02  7.570988e-03  -1.684254e-02  -2.914629e-03  -2.099636e-02
9.292929e+00  7.940686e-02  0.000000e+00  -1.214439e-03  -3.373249e-03  -2.513452e-03  -4.642962e-03  4.227820e-04  -1.349946e-02  -2.390691e-03  -1.545383e-02  7.498078e-03  -1.680719e-02  -2.912685e-03  -2.095024e-02
9.393939e+00  7.923424e-02  0.000000e+00  -1.202295e-03  -3.370126e-03  -2.497496e-03  -4.647011e-03  3.805126e-04  -1.345479e-02  -2.406704e-03  -1.541385e-02  7.426292e-03  -1.677057e-02  -2.910655e-03  -2.090373e-02
9.494949e+00  7.906332e-02  0.000000e+00  -1.190149e-03  -3.366828e-03  -2.481299e-03  -4.650647e-03  3.393869e-04  -1.340963e-02  -2.422020e-03  -1.537370e-02  7.355576e-03  -1.673263e-02  -2.908532e-03  -2.085686e-02
9.595960e+00  7.889380e-02  0.000000e+00  -1.177912e-03  -3.363597e-03  -2.465113e-03  -4.653833e-03  2.993298e-04  -1.336401e-02  -2.436678e-03  -1.533291e-02  7.285879e-03  -1.669326e-02  -2.906500e-03  -2.080917e-02
9.696970e+00  7.872627e-02  0.000000e+00  -1.165633e-03  -3.359742e-03  -2.448105e-03  -4.656769e-03  2.602036e-04  -1.331771e-02  -2.450648e-03  -1.529290e-02  7.217199e-03  -1.665243e-02  -2.904047e-03  -2.076188e-02
9.797980e+00  7.856044e-02  0.000000e+00  -1.153383e-03  -3.355637e-03  -2.430891e-03  -4.659393e-03  2.220480e-04  -1.327097e-02  -2.463957e-03  -1.525279e-02  7.149651e-03  -1.661036e-02  -2.901519e-03  -2.071448e-02
9.898990e+00  7.839627e-02  0.000000e+00  -1.141175e-03  -3.351443e-03  -2.413606e-03  -4.661615e-03  1.849957e-04  -1.322393e-02  -2.476649e-03  -1.521248e-02  7.083174e-03  -1.656732e-02  -2.898929e-03  -2.066673e-02
1.000000e+01  7.823239e-02  0.000000e+00  -1.127592e-03  -3.346351e-03  -2.394715e-03  -4.664326e-03  1.465764e-04  -1.317469e-02  -2.488656e-03  -1.517222e-02  7.017295e-03  -1.651861e-02  -2.896495e-03  -2.061835e-02
